0.0818181818182
0.0333333333333
0.0204301075269
0.0146341463415
0.0113725490196
0.00928961748634
0.00784708249497
0.00679012345679
0.00598290598291
0.00534653465347
0.0048321048321
0.00440771349862
0.00405167351732
0.00374873353597
0.00348785871965
0.00326086956522
0.0030615755074
0.00288520564764
0.0027280242491
0.00258706467662
0.0024599413225
0.00234471410942
0.00223978919631
0.0021438450899
0.00205577689243
0.00197465369879
0.00189968566352
0.00183019827148
0.00176561203934
0.00170542635659
0.00164920651385
0.00159657320872
0.00154719399432
0.00150077626358
0.00145706145706
0.00141582025239
0.00137684854666
0.00133996408344
0.00130500360679
0.00127182044888
0.00124028247582
0.00121027033141
0.00118167592942
0.0011544011544
0.00112835673811
0.00110346128454
0.00107964042101
0.00105682605683
0.00103495573382
0.00101397205589
