10 0.273276748971
20 0.255297804842
30 0.251408650835
40 0.250317741173
50 0.250073860304
60 0.250016998585
70 0.250003920905
80 0.25000090391
90 0.250000208405
100 0.250000048049
110 0.250000011078
120 0.250000002554
130 0.250000000589
140 0.250000000136
150 0.250000000031
160 0.250000000007
170 0.250000000002
180 0.25
190 0.25
200 0.25
210 0.25
220 0.25
230 0.25
240 0.25
250 0.25
260 0.25
270 0.25
280 0.25
290 0.25
300 0.25
310 0.25
320 0.25
330 0.25
340 0.25
350 0.25
360 0.25
370 0.25
380 0.25
390 0.25
400 0.25
410 0.25
420 0.25
430 0.25
440 0.25
450 0.25
460 0.25
470 0.25
480 0.25
490 0.25
500 0.25
510 0.25
520 0.25
530 0.25
540 0.25
550 0.25
560 0.25
570 0.25
580 0.25
590 0.25
600 0.25
610 0.25
620 0.25
630 0.25
640 0.25
650 0.25
660 0.25
670 0.25
680 0.25
690 0.25
700 0.25
710 0.25
720 0.25
730 0.25
740 0.25
750 0.25
760 0.25
770 0.25
780 0.25
790 0.25
800 0.25
810 0.25
820 0.25
830 0.25
840 0.25
850 0.25
860 0.25
870 0.25
880 0.25
890 0.25
900 0.25
910 0.25
920 0.25
930 0.25
940 0.25
950 0.25
960 0.25
970 0.25
980 0.25
990 0.25
