1 1.0
2 1.0
3 1.0
4 1.0
5 0.625
6 0.625
7 0.625
8 0.625
9 0.5625
10 0.4375
11 0.4375
12 0.4375
13 0.4375
14 0.34765625
15 0.2958984375
16 0.2958984375
17 0.28662109375
18 0.28662109375
19 0.249755859375
20 0.249755859375
21 0.249755859375
22 0.220520019531
23 0.207801818848
24 0.207801818848
25 0.207801818848
26 0.207801818848
27 0.170707702637
28 0.164468765259
29 0.164468765259
30 0.164468765259
31 0.164468765259
32 0.124649226665
33 0.124649226665
34 0.124649226665
35 0.124649226665
36 0.124649226665
37 0.0905856601894
38 0.0905856601894
39 0.0905856601894
40 0.0905856601894
41 0.0905856601894
42 0.0660923514515
43 0.0660923514515
44 0.0660923514515
45 0.0660923514515
46 0.0629377083387
47 0.0513522984984
48 0.0513522984984
49 0.0513522984984
