10 1.0
20 0.5
30 0.5
40 0.472222222222
50 0.277777777778
60 0.25462962963
70 0.25462962963
80 0.257716049383
90 0.257716049383
100 0.273276748971
110 0.273276748971
120 0.265646433471
130 0.265646433471
140 0.259970136031
150 0.259970136031
160 0.260444053879
170 0.260444053879
180 0.257984066993
190 0.257984066993
200 0.255297804842
210 0.255297804842
220 0.254372182667
230 0.254372182667
240 0.25341475667
250 0.25341475667
260 0.252395507387
270 0.252395507387
280 0.251823820513
290 0.251823820513
300 0.251408650835
310 0.251408650835
320 0.251024547128
330 0.251024547128
340 0.25076173249
350 0.25076173249
360 0.250579309317
370 0.250579309317
380 0.250428928362
390 0.250428928362
400 0.250317741173
410 0.250317741173
420 0.250239038305
430 0.250239038305
440 0.250178191346
450 0.250178191346
460 0.250132245437
470 0.250132245437
480 0.25009891812
490 0.25009891812
500 0.250073860304
510 0.250073860304
520 0.250054940358
530 0.250054940358
540 0.250040994619
550 0.250040994619
560 0.250030605484
570 0.250030605484
580 0.250022799006
590 0.250022799006
600 0.250016998585
610 0.250016998585
620 0.250012684467
630 0.250012684467
640 0.250009455828
650 0.250009455828
660 0.250007049294
670 0.250007049294
680 0.250005258246
690 0.250005258246
700 0.250003920905
710 0.250003920905
720 0.250002923236
730 0.250002923236
740 0.250002180063
750 0.250002180063
760 0.250001625714
770 0.250001625714
780 0.250001212157
790 0.250001212157
800 0.25000090391
810 0.25000090391
820 0.250000674061
830 0.250000674061
840 0.250000502618
850 0.250000502618
860 0.250000374793
870 0.250000374793
880 0.250000279485
890 0.250000279485
900 0.250000208405
910 0.250000208405
920 0.250000155403
930 0.250000155403
940 0.250000115883
950 0.250000115883
960 0.250000086412
970 0.250000086412
980 0.250000064436
990 0.250000064436
