10 0.0909090909091
20 0.0428571428571
30 0.0247311827957
40 0.0170731707317
50 0.0129411764706
60 0.0103825136612
70 0.00865191146881
80 0.00740740740741
90 0.00647130647131
100 0.00574257425743
110 0.00515970515971
120 0.00468319559229
130 0.00428655314151
140 0.00395136778116
150 0.00366445916115
160 0.00341614906832
170 0.0031991744066
180 0.00300798035605
190 0.00283824745109
200 0.00268656716418
210 0.00255021439856
220 0.00242698477993
230 0.00231507622812
240 0.00221300138313
250 0.00211952191235
260 0.00203359858532
270 0.00195435287686
280 0.00188103711235
290 0.00181301102026
300 0.00174972314507
310 0.00169069598589
320 0.00163551401869
330 0.00158381397052
340 0.00153527686735
350 0.00148962148962
360 0.00144659895352
370 0.00140598819844
380 0.00136759220887
390 0.00133123483507
400 0.00129675810474
410 0.00126401993947
420 0.00123289220676
430 0.00120325905142
440 0.00117501546073
450 0.00114806602611
460 0.0011223238706
470 0.00109770971676
480 0.00107415107415
490 0.00105158152874
500 0.00102994011976
510 0.0010091707916
