1 1.0
2 1.0
3 1.0
4 1.0
5 0.625
6 0.625
7 0.625
8 0.625
9 0.5625
10 0.4375
11 0.4375
12 0.4375
13 0.4375
14 0.34765625
15 0.2958984375
16 0.2958984375
17 0.28662109375
18 0.28662109375
19 0.249755859375
20 0.249755859375
21 0.249755859375
22 0.220520019531
23 0.207801818848
24 0.207801818848
25 0.207801818848
26 0.207801818848
27 0.170707702637
28 0.164468765259
29 0.164468765259
30 0.164468765259
31 0.164468765259
32 0.124649226665
33 0.124649226665
34 0.124649226665
35 0.124649226665
36 0.124649226665
37 0.0905856601894
38 0.0905856601894
39 0.0905856601894
40 0.0905856601894
41 0.0905856601894
42 0.0660923514515
43 0.0660923514515
44 0.0660923514515
45 0.0660923514515
46 0.0629377083387
47 0.0513522984984
48 0.0513522984984
49 0.0513522984984
50 0.0513522984984
51 0.0414717315289
52 0.0381206976926
53 0.0381206976926
54 0.0381206976926
55 0.0381206976926
56 0.0298926206983
57 0.0298926206983
58 0.0298926206983
59 0.0298926206983
60 0.0269763765909
61 0.0234675263852
62 0.0234675263852
63 0.0234675263852
64 0.0234675263852
65 0.0180711275393
66 0.0175448758421
67 0.0175448758421
68 0.0175448758421
69 0.0175448758421
70 0.0135479403398
71 0.0135479403398
72 0.0135479403398
73 0.0135479403398
74 0.0124922453493
75 0.0106188592403
76 0.0106188592403
77 0.0106188592403
78 0.0106188592403
79 0.00842601959106
